#By default the type will be double
X<-c(61,4,21,67,89,2)
